54.9635  55.035 58.3246 65.8728 50.8748 55.3364
 55.035 64.8381 65.5182 71.4837 52.5604 60.1039
58.3246 65.5182 90.9091 93.2626  61.945 67.1343
65.8728 71.4837 93.2626 51.9924 52.8394 52.4955
50.8748 52.5604  61.945 52.8394 62.8185 63.8777
55.3364 60.1039 67.1343 52.4955 63.8777 96.0385
